

Please enter the lowest student number in your group: 


Units for the values: V, mA, kOhm, mS and uF


Values:  R1 = 1.00119192001 
R2 = 2.05601051164 
R3 = 3.14238437911 
R4 = 4.10348141952 
R5 = 3.04851993814 
R6 = 2.04484641193 
R7 = 1.00542115789 
Vs = 5.04499704365 
C = 1.01848690215 
Kb = 7.29043495344 
Kd = 8.08788113416 



